444
166
-31
-113
184
263
9
-166
-74
265
147
-123
-181
4
252
198
-141
-247
-2
281
240
-87
-215
-67
195
274
-37
-265
-113
184
263
9
-166
-74
265
147
-123
-181
4
252
198
-141
-247
-2
281
240
-87
-215
-67
195
274
-37
-265
-113
184
263
9
-166
-74
168
300
39
-252
-193
91
260
34
-236
-174
115
359
168
-221
-233
77
306
132
-198
-186
92
393
292
-177
-329
-36
320
281
-106
-235
-12
343
405
-52
-360
-145
264
374
5
-242
-102
233
423
84
-298
-193
169
340
32
-264
-168
145
390
123
-347
-340
77
394
157
-275
-283
44
401
296
-199
-323
27
394
300
-149
-283
-25
355
401
-76
-349
-74
330
358
-82
-310
-105
251
412
20
-365
-195
245
438
64
-316
-231
130
424
172
-324
-330
89
417
199
-251
-294
20
380
280
-227
-362
2
372
273
-178
-308
-72
261
308
-136
-361
-66
330
360
-68
-299
-129
225
407
58
-315
-174
259
455
108
-248
-173
154
450
228
-232
-236
148
442
230
-200
-236
28
332
244
-209
-329
19
389
307
-134
-281
-58
292
356
-93
-371
-119
300
374
-40
-299
-146
224
428
58
-325
-180
230
409
59
-293
-190
146
390
130
-307
-266
121
405
187
-232
-259
42
384
293
-185
-311
44
420
345
-110
-273
-49
311
380
-69
-342
-73
345
394
-54
-324
-162
197
378
12
-362
-221
179
375
49
-307
-232
114
400
154
-311
-301
99
394
176
-242
-265
19
330
246
-222
-353
-8
357
292
-147
-284
-36
324
386
-57
-346
-107
301
378
-26
-290
-147
168
323
-21
-353
-182
225
402
56
-295
-205
139
413
165
-310
-313
90
411
215
-203
-245
49
389
284
-220
-361
12
407
345
-97
-245
-12
354
434
-11
-308
-69
344
419
-14
-306
-156
218
421
80
-313
-194
219
433
98
-264
-179
173
465
216
-290
-324
85
421
211
-230
-266
50
420
332
-171
-331
5
395
342
-105
-252
-12
336
379
-97
-382
-117
305
381
-37
-308
-145
226
422
68
-338
-186
262
458
81
-299
-229
98
373
152
-284
-266
134
474
288
-172
-269
-21
323
283
-198
-374
-61
304
249
-179
-323
-97
259
356
-74
-373
-120
316
418
11
-251
-102
228
406
57
-337
-216
201
404
52
-307
-204
148
424
185
-293
-306
88
393
184
-247
-282
17
372
312
-179
-323
24
388
311
-133
-290
-65
295
368
-77
-350
-68
365
452
19
-267
-109
230
420
80
-311
-173
249
441
99
-266
-182
167
433
172
-293
-283
130
448
228
-227
-275
32
377
298
-205
-374
-25
369
313
-132
-292
-77
266
345
-87
-363
-125
291
388
-13
-290
-145
214
