572
276
791
33
116
100
514
293
632
290
329
324
73
537
361
339
343
369
273
10
102
86
310
579
74
530
595
49
290
570
375
273
264
372
372
1
84
579
585
70
584
67
114
304
579
565
315
73
533
358
534
518
576
44
355
512
12
117
530
281
294
100
546
355
70
539
512
537
534
342
572
125
624
561
276
571
274
615
513
520
577
628
102
626
594
294
628
328
323
293
298
338
50
324
65
519
263
101
520
323
538
21
534
44
264
544
299
617
82
277
577
355
284
609
113
562
513
61
301
66
530
371
16
555
524
595
98
353
554
540
618
323
75
552
313
355
515
41
112
101
512
369
10
513
347
48
115
64
113
533
299
26
569
528
603
91
592
115
315
588
338
284
577
588
524
359
528
51
372
534
59
513
603
307
566
124
578
521
377
562
102
611
545
566
277
67
532
90
580
524
566
22
298
513
68
35
40
114
68
312
313
310
8
258
513
373
633
593
348
581
358
2
26
536
578
60
572
107
292
560
336
621
261
571
625
1
0
529
514
336
5
550
73
539
49
292
72
540
26
547
555
58
609
619
74
583
123
587
548
596
306
66
77
538
283
53
290
512
99
87
106
308
338
289
371
328
32
97
54
67
349
258
363
84
515
603
308
349
44
106
539
98
530
362
579
32
313
54
548
104
532
516
18
289
83
560
534
6
521
17
371
552
118
362
562
523
577
295
36
352
39
516
539
32
304
546
331
554
122
513
265
360
356
313
311
29
116
65
104
285
363
8
341
358
6
114
517
73
256
83
316
349
55
586
517
523
64
262
19
289
322
329
0
297
60
22
284
19
324
340
16
324
534
283
344
74
282
513
108
528
297
339
370
320
530
60
288
530
308
580
272
118
299
1
322
360
25
125
524
80
288
83
330
322
378
515
68
519
264
577
273
530
314
291
115
88
92
45
269
12
304
308
550
81
618
268
320
379
321
557
584
37
84
576
56
580
293
356
354
380
555
22
604
82
84
560
634
56
577
359
609
624
264
578
352
617
74
66
554
358
17
524
76
295
563
320
584
107
277
100
300
374
348
355
21
375
521
89
533
91
310
91
513
357
380
339
60
349
96
60
327
68
374
280
77
339
538
528
258
567
324
68
378
70
552
86
306
119
344
565
532
283
546
297
22
373
52
513
361
547
80
64
100
103
122
294
333
321
340
24
104
259
517
118
299
532
348
38
522
521
82
604
316
582
261
313
585
272
529
362
628
102
555
554
55
120
613
616
4
617
327
616
320
332
621
327
113
360
113
525
297
48
322
118
535
269
73
339
42
340
369
23
276
84
86
88
358
1
369
325
4
74
265
97
272
323
331
298
43
112
278
513
115
114
298
365
6
363
20
357
18
86
43
71
288
377
348
348
53
370
93
522
105
273
65
313
376
361
380
283
33
6
376
16
291
362
375
266
33
289
76
524
259
52
314
35
325
316
363
359
273
57
316
40
341
48
380
522
69
288
99
257
107
529
309
49
348
40
353
41
259
291
524
118
552
358
65
84
547
18
50
545
292
545
338
580
262
515
294
328
365
316
0
312
35
120
75
268
88
326
365
306
28
344
87
69
296
90
356
380
278
42
323
80
114
113
339
53
356
372
281
57
276
97
8
284
306
325
357
358
67
52
362
89
357
263
370
306
369
266
118
275
122
296
342
6
373
328
354
58
115
257
120
517
325
18
32
3
69
88
514
100
278
551
380
296
6
322
96
75
278
70
348
275
22
323
96
1
374
37
323
348
376
379
26
71
93
108
32
293
40
328
326
376
23
56
281
512
284
73
74
378
13
520
92
304
512
325
524
520
326
376
309
371
313
346
25
108
280
512
121
104
275
378
22
327
11
516
115
120
97
101
309
345
328
9
325
39
320
65
370
54
88
325
84
295
380
2
317
68
345
98
122
52
52
328
360
369
370
257
68
55
320
83
272
67
68
108
528
285
34
325
82
69
263
71
5
304
19
359
275
340
329
68
104
44
360
108
342
292
336
323
363
50
101
100
124
295
8
376
16
333
19
306
53
101
258
77
293
372
362
289
32
108
353
67
17
378
69
314
332
348
296
43
354
519
264
532
278
347
548
26
12
516
70
326
118
336
513
516
525
283
76
316
97
360
345
33
115
34
306
0
364
322
376
26
266
277
116
125
256
349
276
314
285
353
300
6
39
116
67
378
326
43
375
23
291
378
304
0
84
84
108
290
2
27
333
21
347
97
90
76
309
314
320
297
56
305
82
116
23
372
28
260
310
340
379
16
281
92
60
289
66
357
321
346
267
55
257
52
89
364
2
368
277
33
310
307
355
348
12
82
275
107
108
104
18
379
291
44
362
312
371
346
6
379
65
512
314
77
92
11
58
108
295
304
524
301
8
345
19
326
7
338
66
67
124
310
6
346
295
26
336
66
75
83
298
295
297
274
24
304
124
515
265
116
307
65
280
278
294
358
379
43
289
102
44
375
258
73
356
354
360
330
49
42
338
51
309
35
356
368
10
58
104
92
378
101
326
262
10
338
258
321
307
376
368
76
116
262
340
280
6
370
313
17
337
56
91
108
104
262
0
374
332
264
356
307
29
379
114
69
70
278
304
275
346
338
369
0
294
57
379
117
67
56
278
294
320
6
280
56
295
69
117
372
24
290
105
369
380
17
48
323
124
337
513
263
520
291
90
339
85
374
376
8
41
58
101
120
348
263
39
358
329
340
19
375
54
122
84
376
256
354
288
329
299
345
44
97
70
355
72
354
320
348
284
3
341
83
117
268
116
296
364
347
19
283
16
299
70
258
90
92
310
320
322
364
370
301
376
52
125
256
112
347
345
361
371
377
59
300
266
48
281
50
308
320
359
329
371
374
37
73
84
358
118
5
354
272
24
309
290
356
326
4
374
57
114
275
25
370
298
23
365
321
375
60
278
325
28
362
57
345
57
369
81
264
56
352
81
274
341
316
368
346
329
268
374
13
100
324
66
52
369
82
307
344
346
1
298
44
297
103
520
289
336
117
342
338
354
256
27
289
124
26
369
268
4
373
288
290
336
338
378
57
98
113
379
32
375
288
33
332
313
374
352
13
83
121
116
258
18
359
289
19
352
347
0
343
76
104
124
104
281
329
278
355
257
345
292
28
108
43
336
84
258
358
332
371
